41.5205 13.5154 2 0 0
38 11 2 0 0


41.5205 13.5154 2 0 0
0 0 10 0 0


38 29 2 0 0
38 29 2 0 0


38 29 2 0 0
38 29 2 0 0


38 29 2 0 0
40 29 2 0 0


38 29 2 0 0
0 0 10 0 0


38 29 2 0 0
42 29 2 0 0


38 29 2 0 0
40 29 2 0 0


38 29 2 0 0
0 0 10 0 0


38 29 2 0 0
42 29 2 0 0


38 11 2 0 0
38 11 2 0 0


38 11 2 0 0
38 11 2 0 0


38 11 2 0 0
42 11 2 0 0


38 11 2 0 0
0 0 10 0 0


38 11 2 0 0
40 11 2 0 0


38 11 2 0 0
41.5205 13.5154 2 0 0


38 11 2 0 0
42 11 2 0 0


38 11 2 0 0
40 11 2 0 0


38 11 2 0 0
50 19.5 2 0 0


42 11 2 0 0
38 11 2 0 0


42 11 2 0 0
42 11 2 0 0


42 11 2 0 0
42 11 2 0 0


42 11 2 0 0
0 0 10 0 0


42 11 2 0 0
40 11 2 0 0


42 11 2 0 0
50 19.5 2 0 0


42 11 2 0 0
40 11 2 0 0


40 29 2 0 0
38 29 2 0 0


40 29 2 0 0
40 29 2 0 0


40 29 2 0 0
40 29 2 0 0


40 29 2 0 0
0 0 10 0 0


40 29 2 0 0
42 29 2 0 0


40 29 2 0 0
42 29 2 0 0


0 0 10 0 0
38 29 2 0 0


0 0 10 0 0
0 0 10 0 0


0 0 10 0 0
0 0 10 0 0


0 0 10 0 0
40 11 2 0 0


0 0 10 0 0
30 19.5 2 0 0


0 0 10 0 0
41.5205 13.5154 2 0 0


0 0 10 0 0
40 11 2 0 0


0 0 10 0 0
30 19.5 2 0 0


40 11 2 0 0
38 11 2 0 0


40 11 2 0 0
42 11 2 0 0


40 11 2 0 0
0 0 10 0 0


40 11 2 0 0
40 11 2 0 0


40 11 2 0 0
40 11 2 0 0


40 11 2 0 0
50 19.5 2 0 0


30 19.5 2 0 0
0 0 10 0 0


30 19.5 2 0 0
30 19.5 2 0 0


30 19.5 2 0 0
30 19.5 2 0 0


42 29 2 0 0
38 29 2 0 0


42 29 2 0 0
40 29 2 0 0


42 29 2 0 0
42 29 2 0 0


42 29 2 0 0
42 29 2 0 0


50 19.5 2 0 0
38 11 2 0 0


50 19.5 2 0 0
40 11 2 0 0


50 19.5 2 0 0
50 19.5 2 0 0


50 19.5 2 0 0
50 19.5 2 0 0


